0,431
0,430
0,429
0,428
0,427
0,426
0,425
0,424
0,423
0,422
0,421
0,420
0,419
0,418
0,417
0,416
0,415
0,414
0,413
31,7
0,412
0,411
0,410
0,409
0,408
0,407
0,406
0,405
0,404
0,403
0,402
0,401
0,400
0,399
31,6
31,5
0,398
0,397
0,396
0,395
0,394
0,393
27,52
27,51
27,50
27,49
27,48
27,47
27,46
27,45
27,44
27,43
27,42
27,41
27,40
27,39
27,38
27,37
27,36
17,2
17,1
17,3
15,2
15,1
15,3
16,2
16,1
16,3
13,2
14,2
4,17
4,41
4,40
4,26
4,16
4,4
4,30
4,24
4,18
4,77
4,25
4,7
4,86
4,1
4,34
4,2
4,3
6,7
6,1
6,5
6,2
6,3
7,10
7,12
7,4
7,5
7,9
7,13
7,1
7,11
7,2
7,3
5,4
5,2
5,1
5,3
27,35
0,392
0,391
0,390
0,389
0,278
0,388
